00000000000000000000000000000000
00101000000000000000000100000000
00100000000000000000001000000000
00100000000000000000001100000000
00100000000000000000010000000010
00100000000000000000010100011111
00100000000000000000011000000000
00100000000000000000011100010000
01000101000110001110000000000111
00110000000110001000011000000000
00110001000001001010001000000000
00110001100010001010001000000000
00110000000010000110001100000000
00110001100001001000000100000000
10000000000000000000000011111010
10000000000011000000000000000000